 Movimiento null, null
 4 3 5 
 7 4 1 
 5 8 8 

 Movimiento (0, 1), [(0, (2, 1)), (0, (0, 1)), (0, (1, 2)), (0, (1, 0))]
 4 3 5 
 7 4 1 
 5 8 8 

 Movimiento (1, 1), [(1, (1, 1)), (0, (0, 2)), (0, (0, 0))]
 4 3 5 
 6 5 1 
 5 8 8 

 Movimiento (2, 1), [(0, (2, 1)), (0, (0, 1)), (0, (1, 2)), (0, (1, 0))]
 4 3 5 
 6 5 1 
 5 8 8 

 Movimiento (2, 2), [(0, (1, 1)), (0, (2, 2)), (0, (2, 0))]
 4 3 5 
 6 5 1 
 5 8 8 

 Movimiento (1, 2), [(0, (1, 2)), (3, (2, 1))]
 4 3 5 
 6 5 4 
 5 8 5 

 Movimiento (1, 1), [(0, (2, 2)), (0, (0, 2)), (3, (1, 1))]
 4 3 5 
 6 8 4 
 5 5 5 

 Movimiento (0, 1), [(1, (2, 1)), (0, (0, 1)), (0, (1, 2)), (2, (1, 0))]
 4 5 5 
 6 5 5 
 5 5 5 

 Movimiento (0, 0), [(0, (1, 1)), (0, (0, 2)), (1, (0, 0))]
 5 5 5 
 5 5 5 
 5 5 5 

